1687,4
1687,3
1687,2
1687,1
1687,0
1686,5
1686,4
1686,3
1686,2
1686,1
1686,0
1685,4
1685,3
1685,2
1685,1
1685,0
1684,4
1684,3
1684,2
1684,1
1684,0
1683,4
1683,3
1683,2
1683,1
1683,0
1682,3
1682,2
1682,1
1682,0
1681,5
1681,4
1681,3
1681,2
1681,1
1681,0
1680,4
1680,3
1680,2
1680,1
1680,0
1679,4
1679,3
1679,2
1679,1
1679,0
1678,4
1678,3
1678,2
1678,1
1678,0
1677,3
1677,2
1677,1
1677,0
1676,5
1676,4
1676,3
1676,2
1676,1
1676,0
1675,4
1675,3
1675,2
1675,1
1675,0
1674,3
1674,2
1674,1
1674,0
1673,3
1673,2
1673,1
1673,0
1672,3
1672,2
1672,1
1672,0
1671,3
1671,2
1671,1
1671,0
1670,3
1670,2
1670,1
1670,0
1669,3
1669,2
1669,1
1669,0
1668,3
1668,2
1668,1
1668,0
1667,4
1667,3
1667,2
1667,1
1667,0
1666,5
1666,4
1666,3
1666,2
1666,1
1666,0
1665,4
1665,3
1665,2
1665,1
1665,0
1664,4
1664,3
1664,2
1664,1
1664,0
1663,4
1663,3
1663,2
1663,1
1663,0
1662,3
1662,2
1662,1
1662,0
1661,5
1661,4
1661,3
1661,2
1661,1
1661,0
1660,4
1660,3
1660,2
1660,1
1660,0
1659,4
1659,3
1659,2
1659,1
1659,0
1658,4
1658,3
1658,2
1658,1
1658,0
1657,3
1657,2
1657,1
1657,0
1656,5
1656,4
1656,3
1656,2
1656,1
1656,0
1655,4
1655,3
1655,2
1655,1
1655,0
1654,3
1654,2
1654,1
1654,0
1653,3
1653,2
1653,1
1653,0
1652,3
1652,2
1652,1
1652,0
1651,3
1651,2
1651,1
1651,0
1650,3
1650,2
1650,1
1650,0
1649,3
1649,2
1649,1
1649,0
1648,3
1648,2
1648,1
1648,0
1647,4
1647,3
1647,2
1647,1
1647,0
1646,5
1646,4
1646,3
1646,2
1646,1
1646,0
1645,4
1645,3
1645,2
1645,1
1645,0
1644,4
1644,3
1644,2
1644,1
1644,0
1643,4
1643,3
1643,2
1643,1
1643,0
1642,3
1642,2
1642,1
1642,0
1641,5
1641,4
1641,3
1641,2
1641,1
1641,0
1640,4
1640,3
1640,2
1640,1
1640,0
1639,4
1639,3
1639,2
1639,1
1639,0
1638,4
1638,3
1638,2
1638,1
1638,0
1637,3
1637,2
1637,1
1637,0
1636,5
1636,4
1636,3
1636,2
1636,1
1636,0
1635,4
1635,3
1635,2
1635,1
1635,0
1634,3
1634,2
1634,1
1634,0
1633,3
1633,2
1633,1
1633,0
1632,3
1632,2
1632,1
1632,0
1631,3
1631,2
1631,1
1631,0
1630,3
1630,2
1630,1
1630,0
1629,3
1629,2
1629,1
1629,0
1628,3
1628,2
1628,1
1628,0
1627,4
1627,3
1627,2
1627,1
1627,0
1626,5
1626,4
1626,3
1626,2
1626,1
1626,0
1625,4
1625,3
1625,2
1625,1
1625,0
1624,4
1624,3
1624,2
1624,1
1624,0
1623,4
1623,3
1623,2
1623,1
1623,0
1622,3
1622,2
1622,1
1622,0
1621,5
1621,4
1621,3
1621,2
1621,1
1621,0
1620,4
1620,3
1620,2
1620,1
1620,0
1619,4
1619,3
1619,2
1619,1
1619,0
1618,4
1618,3
1618,2
1618,1
1618,0
1617,3
1617,2
1617,1
1617,0
1616,5
1616,4
1616,3
1616,2
1616,1
1616,0
1615,4
1615,3
1615,2
1615,1
1615,0
1614,3
1614,2
1614,1
1614,0
1613,3
1613,2
1613,1
1613,0
1612,3
1612,2
1612,1
1612,0
1611,3
1611,2
1611,1
1611,0
1610,3
1610,2
1610,1
1610,0
1609,3
1609,2
1609,1
1609,0
1608,3
1608,2
1608,1
1608,0
1607,4
1607,3
1607,2
1607,1
1607,0
1606,5
1606,4
1606,3
1606,2
1606,1
1606,0
1605,4
1605,3
1605,2
1605,1
1605,0
1604,4
1604,3
1604,2
1604,1
1604,0
1603,4
1603,3
1603,2
1603,1
1603,0
1602,3
1602,2
1602,1
1602,0
1601,5
1601,4
1601,3
1601,2
1601,1
1601,0
1600,4
1600,3
1600,2
1600,1
1600,0
1599,4
1599,3
1599,2
1599,1
1599,0
1598,4
1598,3
1598,2
1598,1
1598,0
1597,3
1597,2
1597,1
1597,0
1596,5
1596,4
1596,3
1596,2
1596,1
1596,0
1595,4
1595,3
1595,2
1595,1
1595,0
1594,3
1594,2
1594,1
1594,0
1593,3
1593,2
1593,1
1593,0
1592,3
1592,2
1592,1
1592,0
1591,3
1591,2
1591,1
1591,0
1590,3
1590,2
1590,1
1590,0
1589,3
1589,2
1589,1
1589,0
1588,3
1588,2
1588,1
1588,0
1587,4
1587,3
1587,2
1587,1
1587,0
1586,5
1586,4
1586,3
1586,2
1586,1
1586,0
1585,4
1585,3
1585,2
1585,1
1585,0
1584,4
1584,3
1584,2
1584,1
1584,0
1583,4
1583,3
1583,2
1583,1
1583,0
1582,3
1582,2
1582,1
1582,0
1581,5
1581,4
1581,3
1581,2
1581,1
1581,0
1580,4
1580,3
1580,2
1580,1
1580,0
1579,4
1579,3
1579,2
1579,1
1579,0
1578,4
1578,3
1578,2
1578,1
1578,0
1577,3
1577,2
1577,1
1577,0
1576,5
1576,4
1576,3
1576,2
1576,1
1576,0
1575,4
1575,3
1575,2
1575,1
1575,0
1574,3
1574,2
1574,1
1574,0
1573,3
1573,2
1573,1
1573,0
1572,3
1572,2
1572,1
1572,0
1571,3
1571,2
1571,1
1571,0
1570,3
1570,2
1570,1
1570,0
1569,3
1569,2
1569,1
1569,0
1568,3
1568,2
1568,1
1568,0
1567,4
1567,3
1567,2
1567,1
1567,0
1566,5
1566,4
1566,3
1566,2
1566,1
1566,0
1565,4
1565,3
1565,2
1565,1
1565,0
1564,4
1564,3
1564,2
1564,1
1564,0
1563,4
1563,3
1563,2
1563,1
1563,0
1562,3
1562,2
1562,1
1562,0
1561,5
1561,4
1561,3
1561,2
1561,1
1561,0
1560,4
1560,3
1560,2
1560,1
1560,0
1559,4
1559,3
1559,2
1559,1
1559,0
1558,4
1558,3
1558,2
1558,1
1558,0
1557,3
1557,2
1557,1
1557,0
1556,5
1556,4
1556,3
1556,2
1556,1
1556,0
1555,4
1555,3
1555,2
1555,1
1555,0
1554,3
1554,2
1554,1
1554,0
1553,3
1553,2
1553,1
1553,0
1552,3
1552,2
1552,1
1552,0
1551,3
1551,2
1551,1
1551,0
1550,3
1550,2
1550,1
1550,0
1549,3
1549,2
1549,1
1549,0
1548,3
1548,2
1548,1
1548,0
1547,4
1547,3
1547,2
1547,1
1547,0
1546,5
1546,4
1546,3
1546,2
1546,1
1546,0
1545,4
1545,3
1545,2
1545,1
1545,0
1544,4
1544,3
1544,2
1544,1
1544,0
1543,4
1543,3
1543,2
1543,1
1543,0
1542,3
1542,2
1542,1
1542,0
1541,5
1541,4
1541,3
1541,2
1541,1
1541,0
1540,4
1540,3
1540,2
1540,1
1540,0
1539,4
1539,3
1539,2
1539,1
1539,0
1538,4
1538,3
1538,2
1538,1
1538,0
1537,3
1537,2
1537,1
1537,0
1536,5
1536,4
1536,3
1536,2
1536,1
1536,0
1535,4
1535,3
1535,2
1535,1
1535,0
1534,3
1534,2
1534,1
1534,0
1533,3
1533,2
1533,1
1533,0
1532,3
1532,2
1532,1
1532,0
1531,3
1531,2
1531,1
1531,0
1530,3
1530,2
1530,1
1530,0
1529,3
1529,2
1529,1
1529,0
1528,3
1528,2
1528,1
1528,0
1527,4
1527,3
1527,2
1527,1
1527,0
1526,5
1526,4
1526,3
1526,2
1526,1
1526,0
1525,4
1525,3
1525,2
1525,1
1525,0
1524,4
1524,3
1524,2
1524,1
1524,0
1523,4
1523,3
1523,2
1523,1
1523,0
1522,3
1522,2
1522,1
1522,0
1521,5
1521,4
1521,3
1521,2
1521,1
1521,0
1520,4
1520,3
1520,2
1520,1
1520,0
1519,4
1519,3
1519,2
1519,1
1519,0
1518,4
1518,3
1518,2
1518,1
1518,0
1517,3
1517,2
1517,1
1517,0
1516,5
1516,4
1516,3
1516,2
1516,1
1516,0
1515,4
1515,3
1515,2
1515,1
1515,0
1514,3
1514,2
1514,1
1514,0
1513,3
1513,2
1513,1
1513,0
1512,3
1512,2
1512,1
1512,0
1511,3
1511,2
1511,1
1511,0
1510,3
1510,2
1510,1
1510,0
1509,3
1509,2
1509,1
1509,0
1508,3
1508,2
1508,1
1508,0
1507,4
1507,3
1507,2
1507,1
1507,0
1506,5
1506,4
1506,3
1506,2
1506,1
1506,0
1505,4
1505,3
1505,2
1505,1
1505,0
1504,4
1504,3
1504,2
1504,1
1504,0
1503,4
1503,3
1503,2
1503,1
1503,0
1502,3
1502,2
1502,1
1502,0
1501,5
1501,4
1501,3
1501,2
1501,1
1501,0
1500,4
1500,3
1500,2
1500,1
1500,0
1499,4
1499,3
1499,2
1499,1
1499,0
1498,4
1498,3
1498,2
1498,1
1498,0
1497,3
1497,2
1497,1
1497,0
1496,5
1496,4
1496,3
1496,2
1496,1
1496,0
1495,4
1495,3
1495,2
1495,1
1495,0
1494,3
1494,2
1494,1
1494,0
1493,3
1493,2
1493,1
1493,0
1492,3
1492,2
1492,1
1492,0
1491,3
1491,2
1491,1
1491,0
1490,3
1490,2
1490,1
1490,0
1489,3
1489,2
1489,1
1489,0
1488,3
1488,2
1488,1
1488,0
1487,4
1487,3
1487,2
1487,1
1487,0
1486,5
1486,4
1486,3
1486,2
1486,1
1486,0
1485,4
1485,3
1485,2
1485,1
1485,0
1484,4
1484,3
1484,2
1484,1
1484,0
1483,4
1483,3
1483,2
1483,1
1483,0
1482,3
1482,2
1482,1
1482,0
1481,5
1481,4
1481,3
1481,2
1481,1
1481,0
1480,4
1480,3
1480,2
1480,1
1480,0
1479,4
1479,3
1479,2
1479,1
1479,0
1478,4
1478,3
1478,2
1478,1
1478,0
1477,3
1477,2
1477,1
1477,0
1476,5
1476,4
1476,3
1476,2
1476,1
1476,0
1475,4
1475,3
1475,2
1475,1
1475,0
1474,3
1474,2
1474,1
1474,0
1473,3
1473,2
1473,1
1473,0
1472,3
1472,2
1472,1
1472,0
1471,3
1471,2
1471,1
1471,0
1470,3
1470,2
1470,1
1470,0
1469,3
1469,2
1469,1
1469,0
1468,3
1468,2
1468,1
1468,0
1467,4
1467,3
1467,2
1467,1
1467,0
1466,5
1466,4
1466,3
1466,2
1466,1
1466,0
1465,4
1465,3
1465,2
1465,1
1465,0
1464,4
1464,3
1464,2
1464,1
1464,0
1463,4
1463,3
1463,2
1463,1
1463,0
1462,3
1462,2
1462,1
1462,0
1461,5
1461,4
1461,3
1461,2
1461,1
1461,0
1460,4
1460,3
1460,2
1460,1
1460,0
1459,4
1459,3
1459,2
1459,1
1459,0
1458,4
1458,3
1458,2
1458,1
1458,0
1457,3
1457,2
1457,1
1457,0
1456,5
1456,4
1456,3
1456,2
1456,1
1456,0
1455,4
1455,3
1455,2
1455,1
1455,0
1454,3
1454,2
1454,1
1454,0
1453,3
1453,2
1453,1
1453,0
1452,3
1452,2
1452,1
1452,0
1451,3
1451,2
1451,1
1451,0
1450,3
1450,2
1450,1
1450,0
1449,3
1449,2
1449,1
1449,0
1448,3
1448,2
1448,1
1448,0
1447,4
1447,3
1447,2
1447,1
1447,0
1446,5
1446,4
1446,3
1446,2
1446,1
1446,0
1445,4
1445,3
1445,2
1445,1
1445,0
1444,4
1444,3
1444,2
1444,1
1444,0
1443,4
1443,3
1443,2
1443,1
1443,0
1442,3
1442,2
1442,1
1442,0
1441,5
1441,4
1441,3
1441,2
1441,1
1441,0
1440,4
1440,3
1440,2
1440,1
1440,0
1439,4
1439,3
1439,2
1439,1
1439,0
1438,4
1438,3
1438,2
1438,1
1438,0
1437,3
1437,2
1437,1
1437,0
1436,5
1436,4
1436,3
1436,2
1436,1
1436,0
1435,4
1435,3
1435,2
1435,1
1435,0
1434,3
1434,2
1434,1
1434,0
1433,3
1433,2
1433,1
1433,0
1432,3
1432,2
1432,1
1432,0
1431,3
1431,2
1431,1
1431,0
1430,3
1430,2
1430,1
1430,0
1429,3
1429,2
1429,1
1429,0
1428,3
1428,2
1428,1
1428,0
1,2
3,2
0,9
2,2
5,3
4,3
7,3
1427,4
1427,3
1427,2
1427,1
1427,0
1426,5
1426,4
1426,3
1426,2
1426,1
1426,0
1425,4
1425,3
1425,2
1425,1
1425,0
1424,4
1424,3
1424,2
1424,1
1424,0
1422,3
1422,2
1422,1
1422,0
1414,3
1414,2
1414,1
1414,0
1,45
3,44
2,44
1,44
3,43
2,43
1,43
3,42
2,42
1,42
3,41
2,41
1,41
3,40
2,40
1,40
3,39
2,39
1,39
3,38
2,38
1,38
3,37
2,37
1,37
3,36
2,36
1,36
3,35
2,35
1,35
3,34
2,34
1,34
3,33
2,33
1,33
3,32
2,32
1,32
3,31
2,31
1,31
3,30
2,30
1,30
3,29
2,29
1,29
3,28
2,28
1,28
3,27
2,27
1,27
3,26
2,26
1,26
3,25
2,25
1,25
3,24
2,24
1,24
3,23
2,23
1,23
3,22
2,22
1,22
3,21
2,21
1,21
3,20
2,20
1,20
3,19
2,19
1,19
3,18
2,18
1,18
3,17
2,17
1,17
3,16
2,16
1,16
3,15
2,15
1,15
3,14
2,14
1,14
3,13
2,13
1,13
3,12
2,12
1,12
3,11
2,11
1,11
3,10
2,10
1,10
3,9
2,9
1,9
3,8
2,8
1,8
3,7
2,7
1,7
3,6
2,6
1,6
3,5
2,5
1,5
3,4
2,4
1,4
3,3
3,0
2,3
2,0
1,3
1,0
0,6
0,0
0,47
0,46
0,49
0,48
0,45
0,12
0,10
0,8
0,11
0,5
0,7
0,4
0,3
